Eigenvalue: 3
Eigenvector: 0.601501 -0.371748 4.81154e-20 6.05047e-21 8.87859e-20 7.42328e-21 3.38304e-20 8.22717e-20 7.48591e-20 9.67277e-20 8.75546e-20 4.68603e-20 5.66937e-20 9.04416e-20 4.88495e-20 1.90696e-20 3.87559e-20 5.35318e-20 8.48465e-20 5.13261e-20 1.06221e-20 7.79939e-20 8.38541e-21 8.20509e-20 9.36974e-20 4.74939e-20 1.36991e-20 3.97135e-20 7.3117e-20 9.34311e-20 7.81368e-20 2.41277e-20 1.97985e-21 5.95151e-21 4.05971e-20 5.32428e-20 4.59435e-20 9.92716e-20 6.35384e-20 5.90462e-20 6.74771e-21 2.39406e-20 1.0528e-19 3.89312e-20 3.64895e-20 6.30777e-20 5.58626e-20 9.19429e-20 5.10726e-20 8.3868e-20 7.83558e-20 1.8906e-20 5.10839e-20 1.00596e-19 1.95391e-20 1.72645e-20 3.05343e-20 8.20662e-20 7.88467e-20 8.66444e-21 4.92843e-20 5.5694e-22 6.69328e-20 9.99335e-20 8.70647e-20 6.17673e-20 9.63765e-20 8.1289e-20 8.60389e-20 3.85039e-20 5.43901e-20 9.29811e-20 8.6343e-20 3.79245e-20 8.96861e-20 2.08387e-20 3.22697e-20 9.92815e-20 1.03346e-19 7.80018e-21 1.80967e-20 9.15525e-20 6.9133e-20 3.45908e-21 5.42641e-20 4.05128e-20 1.02234e-19 1.42142e-20 1.29013e-21 8.77274e-21 3.42776e-20 7.76475e-20 3.75123e-21 7.9289e-21 2.79319e-20 8.85109e-20 1.17906e-20 5.24982e-20 4.88132e-20 3.51837e-20 5.38478e-20 4.40459e-20 2.12865e-20 7.10334e-20 5.68428e-20 8.08666e-20 3.7469e-20 1.03536e-19 9.80316e-20 9.36835e-20 3.9976e-20 7.35453e-20 1.18647e-20 6.68629e-20 1.78271e-20 3.32691e-20 3.4699e-20 9.21892e-20 6.32852e-20 3.42042e-20 9.45258e-21 6.30288e-20 7.17242e-20 4.35419e-20 6.75368e-20 2.05787e-20 6.5497e-20 1.06271e-19 7.69513e-20 1.03186e-19 8.5393e-20 8.5902e-20 1.77766e-20 9.6808e-20 6.99584e-20 5.63463e-20 1.03804e-19 6.37966e-20 6.4042e-20 6.71233e-21 8.63613e-20 9.63703e-20 5.27318e-20 6.85125e-20 6.48892e-20 4.64041e-20 1.07487e-19 7.10006e-20 4.7137e-20 7.20196e-20 9.81247e-20 9.52141e-20 2.0336e-20 3.54576e-20 1.74945e-20 6.31415e-20 2.22656e-20 1.64164e-20 2.00114e-20 7.92882e-20 7.88403e-20 4.29753e-20 1.5067e-20 9.5025e-21 4.92897e-20 5.36584e-20 3.39537e-21 9.79973e-20 1.37767e-20 6.9575e-20 1.37682e-20 1.43138e-21 6.15506e-20 1.26156e-20 9.47025e-20 2.2548e-20 7.42549e-20 7.68788e-21 6.31809e-20 1.46243e-20 7.433e-20 4.35708e-20 1.54247e-20 9.70281e-20 3.64578e-20 2.87753e-20 2.01084e-20 9.06638e-20 2.01448e-20 9.29614e-20 1.77804e-20 3.28725e-20 6.78776e-20 2.53487e-20 6.27037e-20 9.03138e-20 3.22591e-20 1.0285e-19 0.371748 -0.601501 
